16 100
73 54 50 97 39 27 18 84 17 33 36 99 32 59 7 100 29 77 82 35 8 62 98 6 1 23 96 16 81 5 94 20 86 88 53 67 51 22 91 19 72 46 69 26 9 57 30 34 42 21 85 75 58 52 49 68 78 87 61 15 80 40 89 25 12 64 11 45 44 14 10 2 63 60 71 28 48 43 37 93 76 55 47 41 90 92 74 24 56 13 31 66 70 4 83 95 65 3 79 38 
66 4 31 95 38 3 79 65 70 83 47 76 92 41 90 56 13 74 24 55 17 73 50 84 18 33 27 54 97 39 16 96 62 1 98 5 23 8 81 6 51 91 22 67 86 19 20 53 88 94 63 60 43 37 28 2 48 71 93 10 61 15 87 68 75 49 52 58 85 78 77 59 99 36 35 7 32 82 100 29 44 89 12 25 64 14 40 45 11 80 34 9 69 21 72 46 57 30 42 26 
24 55 74 13 90 47 76 41 56 92 27 18 33 84 39 17 97 50 73 54 100 82 77 59 99 32 36 35 29 7 71 60 43 63 10 28 48 37 93 2 78 61 52 49 58 68 75 15 85 87 88 20 86 22 67 19 51 94 91 53 46 34 21 57 30 26 69 9 42 72 98 6 1 96 16 5 23 62 8 81 79 4 3 65 38 83 31 66 70 95 40 45 11 89 14 80 25 12 44 64 
9 21 34 46 26 30 42 57 69 72 12 44 14 25 64 11 80 40 45 89 70 66 31 65 79 83 3 4 95 38 54 27 73 18 50 39 33 17 97 84 23 81 8 5 62 6 96 98 1 16 99 36 82 100 7 59 32 35 29 77 93 10 71 2 60 28 37 43 63 48 74 41 76 47 55 90 92 24 56 13 85 87 75 68 49 78 15 58 52 61 53 86 22 94 51 91 19 20 88 67 
86 94 53 91 67 20 88 19 22 51 75 85 78 68 49 52 61 15 58 87 69 9 34 57 42 72 30 21 46 26 4 3 66 79 31 38 83 70 95 65 33 97 17 39 73 84 27 50 18 54 76 47 24 56 90 41 92 55 13 74 29 77 35 59 36 7 100 82 99 32 40 25 44 12 89 64 14 45 11 80 63 71 60 2 28 48 10 43 37 93 98 62 8 16 23 81 6 96 1 5 
43 71 10 93 28 60 63 2 37 48 20 88 51 19 67 22 91 53 86 94 52 58 15 68 85 78 75 87 61 49 89 12 45 44 40 64 14 11 80 25 92 13 56 90 24 41 47 74 76 55 79 3 66 70 38 65 83 4 95 31 97 50 54 84 27 39 17 73 18 33 34 57 42 30 21 26 72 9 69 46 1 16 96 6 5 23 98 62 8 81 77 82 100 35 32 29 59 36 99 7 
58 87 15 61 49 75 85 68 52 78 30 42 72 57 26 69 46 34 9 21 11 45 40 25 44 14 12 89 80 64 55 47 24 76 74 90 92 56 13 41 32 29 100 7 82 59 36 77 99 35 18 27 73 17 39 84 33 54 97 50 81 98 16 6 96 5 8 62 1 23 31 65 79 3 4 38 83 66 70 95 88 94 20 19 67 51 53 86 22 91 10 43 37 71 48 93 2 60 63 28 
45 89 40 80 64 12 44 25 11 14 3 79 83 65 38 70 95 31 66 4 56 24 74 41 76 92 47 55 13 90 35 36 82 99 77 7 32 100 29 59 48 93 37 28 43 2 60 10 63 71 1 96 62 8 5 6 23 16 81 98 91 53 94 19 20 67 22 86 88 51 50 84 18 27 54 39 33 73 17 97 42 21 30 57 26 72 34 9 69 46 15 58 52 87 78 61 68 75 85 49 
82 35 77 29 7 36 99 59 100 32 96 1 23 6 5 8 81 98 62 16 37 43 10 2 63 48 60 71 93 28 87 75 58 85 15 49 78 52 61 68 14 80 11 64 45 25 12 40 44 89 42 30 9 69 26 57 72 21 46 34 95 31 4 65 3 38 70 66 79 83 53 19 88 20 94 67 51 86 22 91 18 54 27 84 39 33 50 73 17 97 74 24 56 55 92 13 41 47 76 90 
62 16 98 81 5 96 1 6 8 23 60 63 48 2 28 37 93 10 43 71 22 86 53 19 88 51 20 94 91 67 21 30 9 42 34 26 72 69 46 57 83 95 70 38 66 65 3 31 79 4 44 12 45 11 64 25 14 89 80 40 13 74 55 41 47 90 56 24 76 92 15 68 85 75 87 49 78 58 52 61 99 35 36 59 7 32 77 82 100 29 50 73 17 54 33 97 84 27 18 39 
83 52 79 65 66 95 38 4 31 3 13 90 47 55 24 74 41 76 92 69 50 33 18 54 39 27 97 11 84 73 56 81 23 5 1 62 96 98 6 16 20 19 53 86 51 94 91 88 67 100 28 93 48 10 43 71 60 17 2 63 68 85 8 87 61 58 15 78 49 75 99 35 7 29 70 82 36 32 77 59 64 22 80 89 45 12 44 14 40 25 42 72 34 37 30 57 21 46 26 9 
92 69 76 41 24 13 90 55 74 47 97 39 27 54 73 50 84 18 33 11 77 32 99 35 7 36 29 70 59 82 17 93 48 28 63 43 60 10 2 71 75 68 15 58 78 87 61 85 49 8 67 91 51 53 86 94 20 100 19 88 57 42 37 21 46 9 34 72 26 30 1 16 5 81 56 62 96 23 98 6 38 52 95 4 66 3 79 83 31 65 44 14 40 22 12 25 89 80 64 45 
23 56 1 6 62 81 5 16 98 96 93 28 60 71 43 10 2 63 48 17 53 51 88 94 67 20 91 100 19 86 37 46 72 26 42 9 30 34 57 21 3 65 31 66 83 4 95 79 38 52 64 80 14 40 45 89 12 22 25 44 41 76 69 55 13 24 74 92 90 47 85 87 49 61 8 58 75 78 15 68 7 70 29 35 82 36 99 32 77 59 18 33 50 11 27 84 54 97 39 73 
51 100 88 19 86 91 67 94 53 20 61 49 75 87 58 15 68 85 78 8 34 72 42 21 26 30 46 37 57 9 52 95 83 38 79 66 3 31 65 4 27 84 50 73 33 54 97 18 39 11 90 13 92 74 24 55 47 69 41 76 59 99 70 35 29 82 77 32 7 36 44 89 64 80 22 45 12 14 40 25 28 17 93 71 43 60 63 48 10 2 1 23 98 56 96 6 16 81 5 62 
48 17 63 2 43 93 28 71 10 60 91 67 20 94 86 53 19 88 51 100 15 78 85 87 49 75 61 8 68 58 22 80 14 64 44 45 12 40 25 89 47 41 74 24 92 55 13 76 90 69 38 95 83 31 66 4 3 52 65 79 84 18 11 54 97 73 50 33 39 27 42 21 26 46 37 9 30 72 34 57 5 56 81 16 62 96 1 23 98 6 99 32 77 70 36 59 35 29 7 82 
14 22 44 25 45 80 64 89 40 12 95 38 3 4 66 31 65 79 83 52 74 92 76 55 90 47 13 69 41 24 70 29 32 7 99 82 36 77 59 35 60 2 10 43 48 71 93 63 28 17 5 81 23 98 62 16 96 56 6 1 19 88 100 94 91 86 53 51 67 20 18 54 39 97 11 73 27 33 50 84 26 37 46 21 9 30 42 72 34 57 85 78 15 8 75 68 87 61 49 58 
78 8 85 68 58 61 49 87 15 75 46 26 30 21 9 34 57 42 72 37 40 14 44 89 64 12 80 22 25 45 69 13 92 90 76 24 47 74 41 55 36 59 77 82 32 35 29 99 7 70 39 97 33 50 73 54 27 11 84 18 6 1 56 16 81 62 98 23 5 96 79 4 38 95 52 66 3 83 31 65 67 100 91 94 86 20 88 51 53 19 63 48 10 17 60 2 71 93 28 43 
32 70 99 59 82 29 7 35 77 36 81 5 96 16 62 98 6 1 23 56 10 48 63 71 28 60 93 17 2 43 8 61 78 49 85 58 75 15 68 87 12 25 40 45 14 89 80 44 64 22 26 46 72 34 9 21 30 37 57 42 65 79 52 4 95 66 31 83 38 3 88 94 67 91 100 86 20 51 53 19 39 11 97 54 73 27 18 33 50 84 76 92 74 69 47 41 55 13 90 24 
33 11 18 84 73 97 39 54 50 27 29 7 36 35 82 77 59 99 32 70 98 23 1 16 5 96 81 56 6 62 100 91 51 67 88 86 20 53 19 94 30 57 34 9 72 21 46 42 26 37 49 61 78 15 58 87 75 8 68 85 25 44 22 89 80 45 40 14 64 12 63 71 28 93 17 43 60 48 10 2 90 69 13 55 24 47 76 92 74 41 79 83 31 52 3 65 4 95 38 66 
72 37 42 57 9 46 26 21 34 30 80 64 12 89 45 40 25 44 14 22 31 83 79 4 38 3 95 52 65 66 11 97 33 39 18 73 27 50 84 54 96 6 98 62 23 16 81 1 5 56 7 29 32 77 82 35 36 70 59 99 2 63 17 71 93 43 10 48 28 60 76 55 90 13 69 24 47 92 74 41 49 8 61 87 58 75 85 78 15 68 88 51 53 100 20 19 94 91 67 86 
37 48 46 28 21 63 57 43 30 10 88 25 53 86 89 12 67 80 22 51 3 52 95 58 65 15 85 78 49 4 14 44 11 84 97 54 40 27 64 45 74 90 96 16 56 24 76 81 6 92 59 79 70 36 35 66 31 83 38 29 39 93 33 73 18 71 60 17 2 50 13 9 41 42 72 55 34 69 47 26 68 23 1 62 87 98 61 8 75 5 91 100 20 32 77 7 82 99 19 94 
70 83 29 38 35 79 59 66 36 31 76 6 74 24 16 96 90 81 56 92 60 17 93 73 2 50 18 33 39 71 23 1 8 68 61 87 98 75 5 62 53 67 12 89 22 86 88 80 25 51 57 63 37 30 21 43 10 48 28 46 49 95 78 58 85 4 3 52 65 15 91 82 19 99 32 94 77 100 20 7 84 14 44 45 54 40 97 11 27 64 13 69 47 72 34 26 9 42 41 55 
11 14 97 64 54 44 84 45 27 40 79 59 31 66 35 36 38 29 70 83 96 56 81 24 6 74 76 92 90 16 32 99 100 19 91 94 77 20 7 82 10 28 30 21 37 43 63 46 57 48 68 1 8 75 87 62 98 23 5 61 67 80 51 86 88 89 12 22 25 53 93 73 2 18 33 71 50 17 60 39 41 72 42 9 55 34 13 69 47 26 95 52 3 78 15 49 58 85 65 4 
52 78 95 49 4 85 65 58 3 15 42 41 34 9 55 47 26 13 69 72 27 11 97 45 84 40 44 14 64 54 92 76 56 6 81 16 74 96 90 24 77 7 20 94 100 82 99 91 19 32 2 18 17 60 71 73 50 33 39 93 5 61 23 62 1 87 75 8 68 98 29 66 59 79 83 35 31 70 36 38 25 51 88 86 89 53 80 22 12 67 46 37 30 48 10 28 43 63 57 21 
69 72 13 26 55 42 41 9 47 34 44 84 40 45 54 27 64 97 11 14 36 70 29 66 59 31 79 83 38 35 33 18 17 2 93 71 50 60 39 73 98 5 75 87 8 62 1 61 68 23 19 99 100 20 94 82 77 32 7 91 28 46 48 43 63 21 30 37 57 10 81 24 6 76 92 16 74 56 96 90 65 78 85 58 4 15 95 52 3 49 80 22 12 51 53 67 86 88 25 89 
22 51 80 67 89 88 25 86 12 53 85 65 15 58 4 3 49 95 52 78 47 69 13 9 41 34 42 72 26 55 83 79 70 59 29 35 31 36 38 66 50 39 60 71 17 73 18 93 2 33 6 76 56 96 16 24 74 92 90 81 7 91 32 82 99 94 20 100 19 77 97 45 84 44 14 54 40 11 27 64 57 48 63 43 21 10 46 37 30 28 61 8 75 23 98 5 62 1 68 87 
100 32 91 7 94 99 19 82 20 77 1 68 98 62 87 75 5 61 8 23 30 37 46 43 57 10 63 48 28 21 78 85 52 65 95 4 15 3 49 58 40 64 27 54 11 45 44 97 84 14 41 42 69 47 55 9 34 72 26 13 38 29 83 66 79 35 36 70 59 31 80 86 25 88 51 89 53 22 12 67 2 33 18 73 71 50 93 17 60 39 81 56 96 92 74 90 24 76 6 16 
17 33 93 39 71 18 2 73 60 50 99 19 77 82 94 20 7 91 100 32 75 8 61 62 68 98 1 23 5 87 51 88 22 25 80 89 53 12 67 86 34 26 47 55 69 9 42 13 41 72 65 85 52 3 4 58 15 78 49 95 64 97 14 45 44 54 27 11 84 40 46 43 57 63 48 21 10 37 30 28 6 92 76 24 16 74 81 56 96 90 29 70 36 83 31 38 66 79 59 35 
8 23 61 5 87 1 68 62 75 98 63 57 10 43 21 30 28 46 37 48 12 22 80 86 25 53 88 51 67 89 72 42 69 41 13 55 34 47 26 9 31 38 36 35 70 66 79 29 59 83 84 44 11 27 54 45 40 14 64 97 90 81 92 24 76 16 96 56 6 74 95 58 65 85 78 4 15 52 3 49 19 32 99 82 94 77 91 100 20 7 93 17 60 33 50 39 73 18 2 71 
56 92 81 90 16 76 6 24 96 74 18 2 50 73 71 60 39 93 17 33 20 100 91 82 19 77 99 32 7 94 48 63 37 57 46 21 10 30 28 43 15 49 3 4 52 58 85 95 65 78 25 88 22 12 89 86 53 51 67 80 26 13 72 9 42 55 47 69 41 34 61 62 68 1 23 87 98 8 75 5 59 83 79 66 35 31 29 70 36 38 97 11 27 14 40 64 45 44 84 54 
77 36 19 82 100 7 94 32 91 99 5 87 1 23 8 61 62 68 98 96 46 10 57 48 21 63 28 60 43 37 75 49 15 4 65 52 85 95 58 78 44 45 97 11 40 14 64 84 54 12 55 26 34 13 69 72 42 30 9 41 66 59 3 83 38 70 29 31 35 79 25 51 89 67 20 22 88 53 80 86 71 27 39 33 17 18 2 50 93 73 6 74 81 47 76 24 92 90 16 56 
53 20 25 86 22 67 89 51 80 88 49 4 85 78 52 95 58 65 15 75 13 34 41 72 55 42 26 30 9 69 3 38 31 35 59 70 79 29 66 83 18 73 93 17 50 33 39 2 71 27 16 90 74 81 56 92 76 47 24 6 82 19 36 32 7 100 91 77 94 99 84 14 54 64 12 11 44 40 97 45 21 60 28 48 37 63 57 10 46 43 68 98 61 96 1 62 23 5 87 8 
40 12 84 45 11 64 54 14 97 44 38 35 79 83 70 29 66 59 31 3 81 74 6 92 16 76 90 47 24 56 36 7 77 94 19 100 99 91 82 32 63 43 46 37 10 48 28 57 21 60 87 5 98 61 8 23 1 96 62 68 86 25 20 51 67 22 80 53 89 88 2 33 71 39 27 17 18 50 93 73 55 30 26 72 69 42 41 34 13 9 65 15 95 75 85 58 78 49 4 52 
10 60 57 43 37 28 21 48 46 63 67 89 88 51 22 80 86 25 53 20 95 15 65 78 4 85 49 75 58 52 12 64 40 54 84 11 44 97 45 14 76 24 81 56 74 92 90 6 16 47 35 38 31 29 70 83 79 3 66 59 73 2 27 33 39 17 93 50 71 18 41 72 55 26 30 69 42 34 13 9 87 96 5 23 8 1 68 98 61 62 19 77 91 36 99 82 32 7 94 100 
74 47 6 24 56 90 16 92 81 76 39 71 18 33 17 93 73 2 50 27 91 77 19 32 94 99 7 36 82 100 60 28 10 21 57 37 63 46 43 48 85 58 95 52 15 78 49 65 4 75 89 67 53 80 22 51 88 20 86 25 9 41 30 72 26 69 13 34 55 42 68 23 87 5 96 8 1 98 61 62 35 3 38 83 70 79 59 31 29 66 84 40 97 12 44 45 14 64 54 11 
50 27 2 73 17 39 71 33 93 18 7 94 99 32 100 91 82 19 77 36 61 98 68 23 87 1 5 96 62 8 20 67 53 89 25 22 88 80 86 51 42 9 13 69 34 72 26 41 55 30 4 49 15 95 52 78 85 75 58 65 45 84 12 14 64 11 97 40 54 44 57 48 21 28 60 37 63 10 46 43 16 47 90 92 56 76 6 74 81 24 59 31 29 3 79 66 83 38 35 70 
15 75 65 58 52 49 4 78 95 85 26 55 42 72 69 13 9 41 34 30 97 40 84 14 54 44 64 12 45 11 47 90 74 16 6 56 76 81 24 92 99 82 91 100 77 32 7 19 94 36 71 39 50 93 17 33 18 27 73 2 62 68 96 23 5 8 61 98 87 1 59 83 35 38 3 70 79 31 29 66 89 20 67 51 22 88 25 53 80 86 57 10 46 60 63 43 48 28 21 37 
34 30 41 9 69 26 55 72 13 42 64 54 44 14 11 97 45 84 40 12 29 31 59 83 35 79 38 3 66 70 27 39 50 71 2 17 18 93 73 33 1 62 61 8 98 23 5 68 87 96 94 7 77 91 100 32 99 36 82 19 43 57 60 48 28 37 46 10 21 63 6 92 16 90 47 56 76 74 81 24 4 75 49 78 52 85 65 15 95 58 25 53 80 20 88 86 51 67 89 22 
31 3 59 66 70 38 35 83 29 79 90 16 76 92 56 81 24 6 74 47 93 50 2 33 71 18 39 27 73 17 96 5 98 87 68 8 1 61 62 23 88 86 80 22 53 51 67 25 89 20 21 28 10 46 37 48 63 60 43 57 58 65 75 78 49 52 95 15 4 85 19 32 94 7 36 100 99 77 91 82 54 12 64 14 11 44 84 40 97 45 41 34 13 30 42 9 72 26 55 69 
98 96 68 62 8 5 87 23 61 1 28 21 63 48 37 46 43 57 10 60 80 53 25 51 89 88 67 20 86 22 30 26 34 55 41 69 42 13 9 72 79 66 29 70 31 83 38 59 35 3 54 64 40 97 11 14 44 12 45 84 24 6 47 92 90 56 81 74 16 76 65 78 4 49 75 52 85 15 95 58 94 36 7 32 100 99 19 77 91 82 2 50 93 27 18 73 33 39 71 17 
57 28 72 10 46 37 30 63 9 21 22 12 89 88 80 45 53 14 25 67 66 65 83 85 3 4 52 49 15 95 64 11 84 27 33 97 54 73 40 44 16 74 62 81 6 76 56 23 96 90 36 70 59 82 29 79 35 38 31 32 50 48 39 18 17 93 43 2 60 71 92 42 47 69 26 13 55 41 24 34 75 5 8 1 61 87 78 68 58 98 51 19 86 7 94 77 99 100 20 91 
65 49 83 15 95 52 3 85 66 4 69 47 55 42 13 24 34 92 41 26 73 84 33 44 27 54 11 64 40 97 90 56 6 96 23 81 16 62 74 76 94 77 86 91 19 99 100 51 20 7 60 17 2 43 93 18 71 39 50 48 98 78 5 1 8 61 58 68 75 87 32 79 36 70 38 29 35 59 82 31 12 67 22 88 80 89 14 25 45 53 72 57 9 28 21 10 63 37 30 46 
68 5 78 98 61 8 75 1 58 87 37 30 21 63 46 9 10 72 57 28 45 25 14 88 12 89 22 67 53 80 26 69 41 47 92 13 55 24 34 42 35 31 82 29 59 79 70 32 36 38 27 11 84 73 97 44 54 64 40 33 74 23 90 76 56 81 62 6 96 16 83 85 3 52 49 95 4 65 66 15 20 7 100 99 91 94 51 19 86 77 48 2 43 39 71 50 18 17 60 93 
84 64 33 40 97 11 27 44 73 54 70 36 35 79 29 82 31 32 59 38 62 6 23 76 96 16 56 90 74 81 7 100 19 20 51 91 94 86 77 99 21 10 9 46 57 63 37 72 30 28 75 8 68 58 61 1 87 5 98 78 53 14 67 88 22 80 45 25 12 89 48 18 60 17 39 93 71 2 43 50 47 26 69 42 13 55 92 41 24 34 83 65 66 49 4 15 85 52 3 95 
6 90 23 74 81 56 96 76 62 16 17 60 71 18 93 43 50 48 2 39 86 19 51 99 20 94 100 7 77 91 28 37 57 30 72 46 21 9 10 63 4 15 66 95 65 85 52 83 3 49 12 22 25 45 80 88 89 67 53 14 34 92 26 42 69 13 24 41 47 55 78 1 75 8 5 61 87 68 58 98 36 38 70 79 29 35 32 59 82 31 33 84 73 64 54 40 44 11 27 97 
19 7 51 77 91 100 20 99 86 94 8 75 87 1 61 58 98 78 68 5 9 57 72 63 30 21 37 28 10 46 49 52 65 3 83 95 4 66 15 85 54 40 73 97 84 44 11 33 27 64 47 69 41 24 13 42 55 26 34 92 31 32 38 79 70 29 82 59 36 35 14 88 12 22 67 80 89 25 45 53 60 39 17 18 93 71 48 2 43 50 23 6 62 90 16 74 76 56 96 81 
41 26 92 34 13 69 47 42 24 55 11 27 54 44 97 73 40 33 84 64 82 59 32 79 36 35 70 38 31 29 39 17 2 60 48 93 71 43 50 18 87 98 58 61 68 1 8 78 75 5 20 100 19 86 91 99 94 7 77 51 10 72 28 63 37 46 9 57 30 21 23 76 96 56 90 81 16 6 62 74 3 49 52 85 95 4 83 65 66 15 14 25 45 67 89 53 88 22 12 80 
25 67 14 53 80 22 12 88 45 89 52 3 4 85 95 66 15 83 65 49 24 41 92 42 47 55 69 26 34 13 38 70 59 36 32 29 35 82 31 79 71 50 43 93 2 18 17 48 60 39 96 56 6 62 81 76 16 90 74 23 77 51 7 99 100 91 86 19 20 94 33 44 27 11 64 97 54 84 73 40 30 28 37 63 46 21 72 57 9 10 78 68 58 5 87 98 1 8 75 61 
2 39 48 50 93 17 60 18 43 71 100 20 94 99 91 86 77 51 19 7 58 68 78 1 75 87 8 5 98 61 67 22 25 12 14 80 89 45 53 88 55 34 24 13 41 42 69 92 47 26 3 52 65 66 95 85 4 49 15 83 40 33 64 44 11 97 73 84 27 54 72 63 30 37 28 46 21 57 9 10 96 90 56 76 81 16 23 6 62 74 32 59 82 38 35 31 79 70 36 29 
59 38 32 31 29 70 36 79 82 35 56 96 16 76 81 62 74 23 6 90 43 2 48 18 60 71 17 39 50 93 5 8 68 75 78 61 87 58 98 1 89 53 45 80 25 88 22 14 12 67 30 37 57 9 46 63 21 28 10 72 15 83 49 85 52 95 66 65 3 4 51 99 20 100 7 91 94 19 86 77 27 64 11 44 97 54 33 84 73 40 92 41 24 26 55 34 42 69 47 13 
93 18 43 17 60 71 48 50 28 2 94 51 19 77 20 67 100 86 91 99 49 61 58 98 78 68 87 1 8 75 88 89 80 14 45 12 25 64 22 53 41 69 90 47 13 34 55 24 92 42 83 4 95 38 3 15 65 85 52 66 11 73 44 40 54 27 39 97 33 84 9 10 72 21 63 30 57 46 26 37 23 76 16 74 96 6 62 81 5 56 82 29 7 79 59 70 31 35 32 36 
61 1 58 8 75 87 78 98 49 68 21 72 57 10 30 26 37 9 46 63 64 80 45 53 14 25 89 88 22 12 42 55 13 92 24 47 41 90 69 34 59 70 7 36 29 31 35 82 32 79 33 54 97 39 27 40 84 44 11 73 56 62 76 74 16 96 5 81 23 6 66 15 83 4 85 3 65 95 38 52 51 99 94 77 20 19 86 91 67 100 43 93 28 18 2 17 50 71 48 60 
13 42 24 69 47 55 92 34 90 41 54 33 84 40 27 39 11 73 97 44 7 29 82 31 32 59 35 79 70 36 18 71 93 48 43 60 2 28 17 50 68 8 49 75 61 98 87 58 78 1 51 94 91 67 20 77 19 99 100 86 37 9 63 10 21 30 26 46 72 57 62 74 23 16 76 96 6 81 5 56 83 85 4 15 3 65 66 95 38 52 45 80 64 88 25 22 53 89 14 12 
46 63 9 37 30 21 72 10 26 57 89 14 25 53 12 64 22 45 80 88 38 95 66 15 83 65 4 85 52 3 44 54 97 33 73 27 84 39 11 40 6 56 5 96 81 74 16 62 23 76 32 35 29 7 36 31 59 79 70 82 17 43 18 50 71 60 28 93 48 2 24 34 92 55 42 47 41 13 90 69 78 1 87 98 75 68 58 61 49 8 86 91 67 99 19 100 77 94 51 20 
80 88 45 22 12 89 14 53 64 25 4 83 65 15 3 38 52 66 95 85 90 13 24 34 92 41 55 42 69 47 79 35 29 32 82 36 59 7 70 31 2 17 28 60 93 50 71 43 48 18 23 16 81 5 96 74 6 76 56 62 100 86 99 77 94 20 67 91 51 19 73 40 33 54 44 27 84 97 39 11 72 63 21 10 30 57 9 46 26 37 58 61 49 1 68 8 98 87 78 75 
97 44 73 11 27 54 33 40 39 84 35 32 59 31 36 7 70 82 29 79 5 81 62 74 23 6 16 76 56 96 99 94 91 51 86 20 19 67 100 77 57 37 26 30 46 10 21 9 72 63 78 87 61 49 75 98 68 1 8 58 22 45 88 53 89 12 64 80 14 25 43 50 48 71 18 60 2 93 28 17 92 42 55 34 47 41 24 13 90 69 66 95 38 85 65 52 15 4 83 3 
95 85 66 52 3 4 83 15 38 65 55 92 41 34 47 90 69 24 13 42 39 97 73 40 33 84 54 44 11 27 76 16 81 23 62 96 6 5 56 74 19 100 67 20 91 77 94 86 51 99 48 71 93 28 60 50 2 18 17 43 8 58 1 98 87 75 49 61 78 68 82 31 32 35 79 36 59 29 7 70 14 88 89 53 12 25 45 80 64 22 9 46 26 63 57 37 10 21 72 30 
91 99 86 100 20 94 51 77 67 19 87 78 68 98 75 49 8 58 61 1 26 46 9 10 72 57 21 63 37 30 85 4 95 83 66 3 65 38 52 15 84 11 39 27 97 40 54 73 33 44 92 55 13 90 47 34 41 42 69 24 70 82 79 31 35 36 7 29 32 59 45 53 14 89 88 12 25 80 64 22 48 18 71 50 60 2 43 93 28 17 62 81 5 76 6 56 74 16 23 96 
29 79 82 70 36 35 32 31 7 59 16 23 6 74 96 5 56 62 81 76 28 93 43 50 48 2 71 18 17 60 1 87 61 78 58 75 68 49 8 98 25 22 64 12 80 53 89 45 14 88 72 21 46 26 30 10 57 63 37 9 52 66 85 15 4 3 38 95 83 65 86 77 51 94 99 20 19 91 67 100 33 44 54 40 27 84 73 97 39 11 24 13 90 42 41 69 34 55 92 47 
81 76 62 56 96 16 23 74 5 6 71 48 2 50 60 28 17 43 93 18 67 91 86 77 51 19 94 99 100 20 63 21 46 72 9 30 57 26 37 10 65 52 38 3 95 15 4 66 83 85 14 89 80 64 12 53 25 88 22 45 69 24 42 34 55 47 90 13 92 41 58 98 78 87 1 75 68 61 49 8 32 79 35 31 36 59 82 29 7 70 73 97 39 44 84 11 40 54 33 27 
28 2 37 60 63 48 10 93 21 43 51 53 86 91 88 89 20 22 67 19 4 49 52 61 15 58 78 68 75 85 25 14 64 40 11 44 45 54 12 80 24 47 16 76 90 13 92 56 74 41 31 83 38 35 79 95 66 65 3 70 27 17 84 97 33 18 71 39 50 73 69 46 34 72 57 42 9 26 55 30 98 6 23 81 1 62 8 5 87 96 100 7 94 59 82 36 29 32 77 99 
90 41 56 47 76 92 74 13 16 24 33 50 73 97 18 71 27 17 39 84 94 7 100 29 77 82 32 59 36 99 2 48 28 10 37 63 43 21 60 93 58 75 4 85 49 61 78 52 15 68 53 51 67 89 88 91 86 19 20 22 30 69 57 46 72 42 55 26 34 9 8 81 98 23 6 1 62 5 87 96 31 65 83 95 79 66 70 38 35 3 11 64 54 25 45 12 80 14 40 44 
26 57 69 30 42 72 34 46 55 9 14 40 45 80 44 54 12 11 64 25 35 38 70 95 31 66 83 65 3 79 84 33 39 50 17 18 73 71 27 97 62 96 87 1 5 81 23 8 98 6 77 32 7 94 99 29 82 59 36 100 60 37 2 93 48 63 21 28 10 43 56 13 74 92 41 76 24 90 16 47 15 68 78 61 85 58 52 49 4 75 22 67 89 19 86 20 91 51 53 88 
38 65 70 3 79 83 31 95 35 66 92 74 24 13 76 16 47 56 90 41 71 39 17 97 50 73 33 84 27 18 6 23 5 98 8 1 62 87 96 81 86 20 89 88 67 91 51 22 53 19 10 48 28 21 63 93 43 2 60 37 75 52 68 61 78 85 4 49 15 58 100 29 77 32 59 99 82 7 94 36 40 25 14 80 44 45 11 64 54 12 69 26 55 57 9 30 46 72 34 42 
7 59 100 36 99 32 77 29 94 82 23 98 62 81 1 87 96 8 5 6 21 28 37 93 10 43 48 2 60 63 68 78 49 15 52 85 58 4 75 61 45 12 54 44 64 80 14 11 40 25 34 72 26 55 42 46 9 57 30 69 3 70 65 95 83 79 35 38 31 66 22 91 53 51 19 88 86 67 89 20 50 84 33 97 18 73 17 39 71 27 56 90 16 41 24 47 13 92 74 76 
39 84 17 27 18 33 50 97 71 73 32 77 82 29 99 94 36 100 7 59 87 5 8 81 98 62 23 6 96 1 19 51 67 53 22 88 86 89 20 91 9 30 55 42 26 46 72 69 34 57 15 78 49 4 85 61 58 68 75 52 12 11 25 80 14 44 54 64 40 45 37 93 10 48 2 63 43 28 21 60 74 41 92 13 76 24 56 90 16 47 70 38 35 65 66 3 95 83 31 79 
67 19 22 20 88 51 53 91 89 86 78 15 58 61 85 4 75 52 49 68 55 26 69 46 34 9 72 57 30 42 65 83 38 31 70 79 66 35 3 95 73 27 71 18 39 97 33 17 50 84 74 92 90 16 76 13 24 41 47 56 36 100 59 29 32 99 94 7 77 82 11 80 40 14 25 44 45 64 54 12 10 2 48 93 63 43 37 28 21 60 8 5 87 6 62 96 81 23 98 1 
5 6 8 96 1 23 98 81 87 62 48 10 43 93 63 21 60 37 28 2 89 67 22 91 53 86 51 19 20 88 57 72 26 34 69 42 9 55 30 46 66 3 35 79 38 95 83 70 31 65 40 14 64 54 44 80 45 25 12 11 47 56 41 13 92 76 16 90 74 24 52 61 15 78 68 85 58 49 4 75 77 59 32 29 99 82 100 7 94 36 17 39 71 84 73 27 97 33 50 18 
64 25 11 12 44 14 40 80 54 45 83 31 66 95 79 35 3 70 38 65 16 90 56 13 74 24 92 41 47 76 59 32 7 77 100 99 82 94 36 29 43 60 21 63 28 93 48 37 10 2 98 23 5 87 1 81 62 6 96 8 20 22 19 91 51 88 89 67 53 86 17 97 50 33 84 18 73 39 71 27 34 57 72 46 42 9 69 26 55 30 52 49 4 68 58 75 61 78 15 85 
49 68 52 75 85 78 15 61 4 58 72 34 9 46 42 55 30 69 26 57 54 64 11 80 40 45 14 25 12 44 41 92 90 74 56 76 24 16 47 13 82 36 94 99 7 29 32 100 77 59 50 33 39 71 18 97 73 84 27 17 96 8 6 81 23 1 87 5 98 62 70 95 31 83 65 79 66 38 35 3 53 19 51 91 88 86 22 67 89 20 37 28 21 2 43 60 93 48 10 63 
60 50 28 71 48 2 43 17 63 93 19 86 91 100 51 88 94 67 20 77 85 75 49 8 58 61 68 98 87 78 53 25 12 45 64 14 80 44 89 22 13 55 76 92 47 69 41 90 24 34 66 65 3 79 83 52 95 15 4 38 54 39 40 11 84 33 18 27 73 97 26 37 9 57 10 72 46 30 42 21 62 74 6 56 23 81 5 96 1 16 7 36 99 31 29 35 70 59 82 32 
3 15 38 4 83 65 66 52 79 95 41 24 13 69 92 76 55 90 47 34 18 27 39 11 73 97 84 40 54 33 74 6 96 62 5 23 81 1 16 56 91 94 88 51 20 100 19 67 86 77 43 2 60 63 48 17 93 50 71 28 87 49 98 8 68 78 85 75 58 61 7 70 82 59 31 32 29 36 99 35 45 53 25 22 14 80 64 12 44 89 26 30 42 10 46 21 37 57 9 72 
47 34 90 55 92 41 24 69 76 13 84 73 97 11 33 18 54 39 27 40 99 36 7 70 82 29 59 31 35 32 50 2 60 43 28 48 93 63 71 17 61 87 85 78 75 8 68 49 58 98 86 19 20 88 51 100 91 77 94 67 21 26 10 37 57 72 42 30 9 46 5 56 62 6 74 23 81 96 1 16 66 15 65 52 83 95 38 3 79 4 64 12 44 53 80 89 22 25 45 14 
27 40 39 54 33 84 73 11 18 97 59 82 29 70 32 99 35 7 36 31 1 96 5 56 62 81 6 74 16 23 77 19 20 86 67 51 91 88 94 100 46 21 42 72 30 37 57 26 9 10 58 68 75 85 78 8 61 98 87 49 89 64 53 22 25 14 44 12 45 80 28 17 43 2 50 48 93 60 63 71 24 34 41 69 92 13 90 47 76 55 38 3 79 15 95 4 52 65 66 83 
30 10 26 21 72 57 9 37 42 46 25 45 80 22 14 44 89 64 12 53 79 3 38 52 66 95 65 15 4 83 40 84 27 73 39 33 97 18 54 11 81 16 1 23 96 56 6 5 62 74 82 59 36 99 32 70 29 31 35 7 71 28 50 17 2 48 63 60 43 93 90 69 24 41 34 92 13 47 76 55 58 98 68 8 78 61 49 75 85 87 67 20 88 77 91 94 100 19 86 51 
75 98 49 87 78 68 58 8 85 61 57 9 46 37 72 42 21 26 30 10 44 12 64 22 45 80 25 53 89 14 34 41 47 24 90 92 13 76 55 69 29 35 99 32 36 70 59 7 82 31 73 84 27 18 33 11 97 40 54 39 16 5 74 56 6 23 1 96 62 81 38 52 66 65 15 83 95 3 79 4 86 77 19 100 51 91 67 20 88 94 28 60 63 50 93 71 17 2 43 48 
96 74 5 16 23 6 62 56 1 81 2 43 93 17 48 63 71 28 60 50 88 20 67 100 86 91 19 77 94 51 10 57 30 9 26 72 46 42 21 37 95 4 79 83 3 52 65 38 66 15 45 25 12 44 14 22 80 53 89 64 55 90 34 69 41 92 76 47 24 13 49 8 58 68 98 78 61 75 85 87 82 31 59 70 32 29 7 36 99 35 39 27 18 40 97 54 11 84 73 33 
36 31 7 35 32 59 82 70 99 29 6 62 81 56 23 1 16 5 96 74 63 60 28 17 43 93 2 50 71 48 98 68 75 58 49 78 61 85 87 8 80 89 44 14 12 22 25 64 45 53 9 57 30 42 72 37 46 10 21 26 4 38 15 52 65 83 79 3 66 95 67 100 86 19 77 51 91 20 88 94 73 40 84 11 33 97 39 27 18 54 90 47 76 34 13 55 69 41 24 92 
20 77 67 94 51 19 86 100 88 91 68 58 61 8 78 85 87 49 75 98 42 30 26 37 9 46 57 10 21 72 15 65 3 66 38 83 95 79 4 52 97 54 18 33 27 11 84 39 73 40 24 41 47 76 92 69 13 34 55 90 35 7 31 70 59 32 99 36 82 29 64 22 45 25 53 14 80 12 44 89 43 50 2 17 48 93 28 60 63 71 5 96 1 74 81 16 56 6 62 23 
12 53 64 89 14 25 45 22 44 80 65 66 95 52 83 79 4 38 3 15 76 47 90 69 24 13 41 34 55 92 31 59 36 82 7 32 29 99 35 70 93 71 63 48 60 17 2 28 43 50 62 6 96 1 23 56 81 74 16 5 94 67 77 100 19 51 88 20 86 91 39 11 73 84 40 33 97 27 18 54 9 10 57 37 72 46 26 30 42 21 49 75 85 98 61 87 8 68 58 78 
85 61 4 78 15 58 52 75 65 49 9 69 26 30 34 41 72 55 42 46 84 44 54 12 11 64 45 80 14 40 13 24 76 56 16 74 90 6 92 47 7 32 19 77 99 36 82 94 100 29 17 73 18 2 50 27 39 97 33 71 23 87 81 96 62 98 68 1 8 5 35 3 70 66 95 31 38 79 59 83 22 91 86 20 53 67 89 88 25 51 21 63 57 93 28 48 60 43 37 10 
18 97 71 33 50 73 17 27 2 39 82 100 7 36 77 19 32 94 99 29 68 1 87 96 8 5 62 81 23 98 91 86 88 22 89 53 67 25 51 20 26 72 41 34 42 30 9 55 69 46 52 58 85 65 15 75 49 61 78 4 14 54 80 12 45 40 84 44 11 64 21 60 37 43 93 10 28 63 57 48 56 13 24 47 74 90 16 76 6 92 35 79 59 95 38 83 3 66 70 31 
99 29 94 32 77 82 100 36 19 7 62 8 5 96 98 68 23 87 1 81 57 63 21 60 37 28 43 93 48 10 61 58 85 52 4 15 49 65 78 75 64 14 84 40 44 12 45 54 11 80 69 9 42 41 34 30 26 46 72 55 83 35 95 3 66 31 59 79 70 38 89 20 22 86 91 53 67 88 25 51 17 97 73 27 50 39 71 18 2 33 16 76 6 13 90 92 47 24 56 74 
42 46 55 72 34 9 69 30 41 26 45 11 64 12 40 84 14 54 44 80 59 79 35 3 70 38 66 95 83 31 97 73 18 17 71 50 39 2 33 27 5 23 68 98 1 96 62 87 8 81 100 82 99 19 77 36 7 29 32 94 48 21 93 60 43 10 57 63 37 28 16 47 56 24 13 74 90 76 6 92 52 61 58 75 15 49 4 85 65 78 89 88 25 91 67 51 20 86 22 53 
79 95 35 83 31 66 70 3 59 38 24 56 90 47 74 6 92 16 76 13 2 18 71 27 17 39 73 97 33 50 81 62 1 8 87 98 5 68 23 96 67 51 25 53 88 20 86 89 22 91 37 43 63 57 10 60 28 93 48 21 78 4 61 75 58 15 65 85 52 49 94 36 100 82 29 77 7 99 19 32 11 80 45 12 40 64 54 44 84 14 55 42 41 46 26 72 30 9 69 34 
76 13 16 92 74 24 56 47 6 90 73 17 39 27 50 2 33 71 18 97 19 99 94 36 100 7 82 29 32 77 93 43 63 37 21 10 28 57 48 60 49 78 65 15 85 75 58 4 52 61 22 86 88 25 53 20 67 91 51 89 72 55 46 30 9 34 41 42 69 26 87 96 8 62 81 98 5 1 68 23 70 95 66 3 31 38 35 79 59 83 54 44 84 80 64 14 12 45 11 40 
88 91 89 51 53 86 22 20 25 67 58 52 49 75 15 65 78 4 85 61 41 42 55 30 69 26 9 46 72 34 95 66 79 70 35 31 38 59 83 3 39 33 2 50 18 27 73 71 17 97 56 24 76 6 74 47 90 13 92 16 32 94 29 36 82 77 19 99 100 7 54 12 11 45 80 40 64 44 84 14 37 93 43 60 10 28 21 63 57 48 87 1 68 81 5 23 96 62 8 98 
63 93 21 48 10 43 37 60 57 28 86 22 67 20 53 25 51 89 88 91 65 85 4 75 52 49 58 61 78 15 80 45 44 11 54 40 64 84 14 12 90 92 6 74 76 47 24 16 56 13 70 66 79 59 31 3 38 95 83 35 33 71 97 27 73 50 2 18 17 39 55 30 69 9 46 34 26 42 41 72 8 81 62 96 98 5 87 1 68 23 94 99 19 29 7 32 36 82 100 77 
44 80 54 14 40 45 11 12 84 64 66 70 38 3 31 59 83 35 79 95 6 76 16 47 56 90 24 13 92 74 29 82 99 100 94 77 7 19 32 36 28 48 57 10 63 60 43 21 37 93 8 62 1 68 98 96 5 81 23 87 51 89 91 20 86 53 25 88 22 67 71 27 17 73 97 50 39 18 2 33 69 46 9 30 34 26 55 42 41 72 4 85 65 61 49 78 75 58 52 15 
1 81 87 23 98 62 8 96 68 5 43 37 28 60 10 57 48 21 63 93 25 88 89 20 22 67 86 91 51 53 46 9 42 69 55 34 26 41 72 30 38 83 59 31 79 3 66 35 70 95 11 45 44 84 40 12 64 80 14 54 92 16 13 47 24 74 6 76 56 90 4 75 52 58 61 15 49 85 65 78 100 29 82 36 77 7 94 99 19 32 71 18 2 97 39 33 27 73 17 50 
87 62 75 1 68 98 61 5 78 8 10 46 37 28 57 72 63 30 21 43 14 89 12 67 80 22 53 86 88 25 9 34 55 13 47 41 69 92 42 26 70 79 32 59 35 38 31 36 29 66 97 40 54 33 84 64 11 45 44 27 76 96 24 90 74 6 23 16 81 56 3 49 95 15 58 65 52 4 83 85 91 82 77 7 19 100 20 94 51 99 60 71 48 73 17 18 39 50 93 2 
71 73 60 18 2 50 93 39 48 17 77 91 100 7 19 51 99 20 94 82 78 87 75 5 61 8 98 62 1 68 86 53 89 80 12 25 22 14 88 67 69 42 92 41 55 26 34 47 13 9 95 15 4 83 65 49 52 58 85 3 44 27 45 64 40 84 33 54 97 11 30 28 46 10 43 57 37 21 72 63 81 24 74 90 6 56 96 16 23 76 36 35 32 66 70 79 38 31 29 59 
35 66 36 79 59 31 29 38 32 70 74 81 56 90 6 23 76 96 16 24 48 71 60 39 93 17 50 73 18 2 62 98 87 61 75 68 8 78 1 5 22 88 14 25 89 67 53 12 80 86 46 10 21 72 57 28 37 43 63 30 85 3 58 49 15 65 83 4 95 52 20 7 91 77 82 19 100 94 51 99 97 45 40 64 84 11 27 54 33 44 47 55 92 9 69 42 26 34 13 41 
4 58 3 85 65 15 95 49 83 52 34 13 69 26 41 92 42 47 55 9 33 54 27 64 97 11 40 45 44 84 24 74 16 81 96 6 56 23 76 90 100 99 51 19 94 7 77 20 91 82 93 50 71 48 2 39 17 73 18 60 1 75 62 5 98 68 78 87 61 8 36 38 29 31 66 59 70 35 32 79 80 86 53 67 25 22 12 89 14 88 30 21 72 43 37 63 28 10 46 57 
94 82 20 99 19 77 91 7 51 100 98 61 8 5 68 78 1 75 87 62 72 21 30 28 46 37 10 43 63 57 58 15 4 95 3 65 52 83 85 49 11 44 33 84 54 64 40 27 97 45 13 34 55 92 41 26 69 9 42 47 79 36 66 38 31 59 32 35 29 70 12 67 80 53 86 25 22 89 14 88 93 73 50 39 2 17 60 71 48 18 96 16 23 24 56 76 90 74 81 6 
21 43 30 63 57 10 46 28 72 37 53 80 22 67 25 14 88 12 89 86 83 4 3 49 95 52 15 58 85 65 45 40 54 97 27 84 11 33 44 64 56 76 23 6 16 90 74 96 81 24 29 31 35 32 59 38 70 66 79 36 18 60 73 39 50 2 48 71 93 17 47 26 13 34 9 41 69 55 92 42 61 62 98 5 68 8 75 87 78 1 20 94 51 82 100 99 7 77 91 19 
16 24 96 76 6 74 81 90 23 56 50 93 17 39 2 48 18 60 71 73 51 94 20 7 91 100 77 82 99 19 43 10 21 46 30 57 37 72 63 28 52 85 83 65 4 49 15 3 95 58 80 53 89 14 25 67 22 86 88 12 42 47 9 26 34 41 92 55 13 69 75 5 61 98 62 68 8 87 78 1 29 66 31 38 59 70 36 35 32 79 27 54 33 45 11 44 64 40 97 84 
54 45 27 44 84 40 97 64 33 11 31 29 70 38 59 32 79 36 35 66 23 16 96 90 81 56 74 24 76 6 82 77 94 91 20 19 100 51 99 7 37 63 72 57 21 28 10 30 46 43 61 98 87 78 68 5 8 62 1 75 88 12 86 67 53 25 14 89 80 22 60 39 93 50 73 2 17 71 48 18 13 9 34 26 41 69 47 55 92 42 3 4 83 58 52 85 49 15 95 65 
55 9 47 42 41 34 13 26 92 69 40 97 11 64 84 33 44 27 54 45 32 35 36 38 29 70 31 66 79 59 73 50 71 93 60 2 17 48 18 39 8 1 78 68 87 5 98 75 61 62 91 77 94 51 19 7 100 82 99 20 63 30 43 28 10 57 72 21 46 37 96 90 81 74 24 6 56 16 23 76 95 58 15 49 65 52 3 4 83 85 12 89 14 86 22 88 67 53 80 25 
89 86 12 88 25 53 80 67 14 22 15 95 52 49 65 83 85 3 4 58 92 55 47 26 13 69 34 9 42 41 66 31 35 29 36 59 70 32 79 38 17 18 48 2 71 39 50 60 93 73 81 74 16 23 6 90 56 24 76 96 99 20 82 7 77 19 51 94 91 100 27 64 97 40 45 84 11 54 33 44 46 43 10 28 57 37 30 21 72 63 75 87 78 62 8 1 5 98 61 68 
